"","guinness"
"pint",0.17
"irish",0.15
"records",0.14
"chefs",0.13
"pub",0.09
"beef",0.08
"dublin",0.08
"music",0.08
"mains",0.07
"timber",0.07
